-1.139831770045616477e-01
-8.941733137078472504e-02
-6.558132005242602036e-02
-6.503220236825911493e-02
-8.264180590551617467e-02
-9.500169480722575610e-02
-9.435901979173605403e-02
-8.773760600759807071e-02
-7.400356489581774722e-02
-5.630484135459122574e-02
-3.341710551169561894e-02
8.360912308582412952e-03
7.186918596768446243e-02
1.336052883539249891e-01
1.614988549239748106e-01
1.528020487978688224e-01
1.312865555979945420e-01
1.051018124643310070e-01
6.985420062930731977e-02
3.140406502447795623e-02
2.777227179717176204e-03
-1.644931407607194349e-02
-3.011996719316981444e-02
-3.488228885038593963e-02
-2.490263912771314633e-02
-2.230581831252792524e-02
-3.729235321130134478e-02
-5.877615675242663096e-02
-7.913114148366220957e-02
-8.795028219180393847e-02
-7.595916536585245460e-02
-5.349646689125014259e-02
-2.764850412104621208e-02
1.983968571017892708e-03
3.375249842801097966e-02
6.472817177880001160e-02
8.279342412282955643e-02
8.474712998183210610e-02
7.089238935257916041e-02
4.373058294795214435e-02
1.495574286827716648e-02
-3.203687245547058148e-03
-1.248068408095364713e-02
-1.910553052006593033e-02
-2.429014247770236445e-02
-2.905290221604104120e-02
-3.655959495247925600e-02
-4.534878011732880465e-02
-5.728134465535242997e-02
-7.135035922207623449e-02
-7.678134682833685776e-02
-7.388316638754956200e-02
-6.780982627234077853e-02
-5.929696532214781546e-02
-4.775847258370066739e-02
-3.396462381900734739e-02
-2.731150619344846139e-02
-2.688402383067321766e-02
-2.752609695147831270e-02
-2.938861581559407132e-02
-2.673221494079664265e-02
-1.067920100242475542e-03
6.686465977104760761e-02
1.629640538170858133e-01
2.180471997194470823e-01
2.026362937318581248e-01
1.686379217016666099e-01
1.587519872836676837e-01
1.421813673843164427e-01
7.760732681711601799e-02
-1.489325360781774271e-02
-8.560198641099305006e-02
-1.228032884309937095e-01
-1.304015792985912525e-01
-1.153853749163347431e-01
-9.585568778473085860e-02
-8.770731335158857278e-02
-8.627266461893240423e-02
-8.117628892487945003e-02
-7.122909261104626299e-02
-5.984536266684672284e-02
-4.483074722896622510e-02
-3.427007052469836779e-02
-2.707061696375254178e-02
-7.028466691403678157e-04
5.191085993461577036e-02
1.071171989771964872e-01
1.403810458068248668e-01
1.472176507067113338e-01
1.383662610781170310e-01
1.196293798996349439e-01
9.060641353014672883e-02
5.279531211387809841e-02
1.275696799790837499e-02
-2.456538919294151344e-02
-5.639777292339999415e-02
-7.534944549476654818e-02
-7.162452507373977262e-02
-5.212424529358134634e-02
-3.686722846230423845e-02
-3.689432723410667608e-02
-4.394395567418792059e-02
-4.574629297109154835e-02
-3.866713139677908917e-02
-2.658125902473984503e-02
-1.586909031104434889e-02
-6.163535974435094614e-03
8.850869469207553811e-03
3.234815982371026799e-02
5.838141147937878778e-02
7.513259752022294347e-02
7.467598492634802687e-02
5.895934559181220669e-02
3.402677283830968930e-02
7.537586392806414765e-03
-1.327384080888476675e-02
-2.783408792630022097e-02
-4.016039518807619502e-02
-5.004872049689838842e-02
-5.352986055672679516e-02
-5.221474260656868566e-02
-5.258254299633691869e-02
-5.407781315890913126e-02
-5.325201696713658533e-02
-5.139184844234263166e-02
-5.297999447406864099e-02
-5.420026380082856865e-02
-5.294977650845637124e-02
-4.788284494336435271e-02
-4.376232777309502914e-02
-4.174824349759736347e-02
-4.058657428068686984e-02
-3.567377228553277047e-02
-2.099584079101828385e-02
1.904154148057931803e-02
9.844891538555659849e-02
1.892087650646660790e-01
2.228995538883311034e-01
1.908891338655003267e-01
1.571948391240607645e-01
1.528633110391336980e-01
1.327510599861033147e-01
5.859216074915011424e-02
-3.704670743014612522e-02
-1.007690085918376971e-01
-1.249993281982256649e-01
-1.246333118151559949e-01
-1.122114794626108969e-01
-9.912083271977376042e-02
-9.271109886764813957e-02
-8.822589991259814635e-02
-7.910346095393955279e-02
-6.390601112488555891e-02
-4.538082993287862604e-02
-3.060976136315055399e-02
-2.737469281534906859e-02
-2.084525475945079795e-02
1.248203631739308421e-02
6.713744562815014694e-02
1.141659781580169064e-01
1.367501021123066207e-01
1.403492961846084519e-01
1.330575339162868853e-01
1.144407655548181357e-01
8.514674646143338688e-02
4.858409626465937103e-02
6.561953176313794871e-03
-3.597964710312332587e-02
-6.701626437145166704e-02
-7.540550751083564818e-02
-6.350803867840144890e-02
-5.139006502238509244e-02
-5.212306558517289939e-02
-5.737285879754936563e-02
-5.493155760463284965e-02
-4.275645896214178704e-02
-2.850374585503752736e-02
-1.989584546592401346e-02
-1.257386881090338457e-02
1.220190139810881742e-03
2.371195093896072414e-02
4.922550702497394126e-02
6.939711564304094915e-02
7.763611528548050589e-02
7.000537378232629671e-02
5.123996568483709518e-02
2.981587044061420957e-02
8.757365387053605774e-03
-1.178080431105106574e-02
-3.228795144592125355e-02
-5.032407753080984231e-02
-6.011986943219020663e-02
-6.109565534378915558e-02
-5.865626084527634371e-02
-5.865266935688708688e-02
-5.954058627096241174e-02
-5.578629713576617466e-02
-5.139213192754359116e-02
-4.821834133533711014e-02
-4.522665601766032162e-02
-4.122987242181943429e-02
-3.912440644355560937e-02
-4.165624110209633496e-02
-4.513538485857591237e-02
-4.190205413011817426e-02
-3.103459538799274026e-02
-5.952128648419625391e-03
4.901073743078590561e-02
1.343381860393663141e-01
2.044684543410503208e-01
2.105105856094603989e-01
1.785269635044395287e-01
1.626282265743857758e-01
1.549992931104184624e-01
1.065971609783196855e-01
1.095608952897591387e-02
-7.785001717953744793e-02
-1.214600515374595902e-01
-1.329362871389834777e-01
-1.319571508217234901e-01
-1.230472859552776965e-01
-1.069953382553493343e-01
-8.862339829448967476e-02
-7.272358891740805797e-02
-5.535959352261139721e-02
-3.546034696270285169e-02
-1.956120943857174443e-02
-1.666434208252727880e-02
-2.136154849874871350e-02
-7.902980237365422878e-03
3.277480794275916542e-02
7.787936342907299248e-02
1.093735442213027292e-01
1.268898716783836422e-01
1.345530639519360028e-01
1.297299052000570607e-01
1.110849681541449391e-01
8.077967405538806489e-02
3.799343811253613062e-02
-1.327676434945090390e-02
-5.832022175028276495e-02
-8.264226934175550321e-02
-8.236717997798381763e-02
-7.272574432552955659e-02
-6.802358745021967745e-02
-6.442246018762935733e-02
-5.328290242935185966e-02
-3.384753523464468367e-02
-1.440346967584585011e-02
-6.225072914450601076e-03
-5.463561677763382335e-03
7.281218008153469824e-07
1.330686655015977590e-02
3.030426168909796866e-02
4.705729717924520689e-02
6.002939404023625858e-02
6.292586748436899968e-02
5.535978364250190853e-02
4.312271066623426380e-02
2.825926714360750200e-02
8.759371302828472539e-03
-1.535138354822355305e-02
-4.052685078178654837e-02
-5.908169963929157248e-02
-6.765737317769514314e-02
-6.921367233069283809e-02
-6.826777788147073145e-02
-6.677192043859507542e-02
-5.941810325865712339e-02
-4.791346346895087455e-02
-3.793363320397015459e-02
-3.182899441878883628e-02
-3.009040037984072116e-02
-3.286747806733705812e-02
-3.973477985751008856e-02
-4.922486198534826995e-02
-5.163403406805291973e-02
-4.678423279264036505e-02
-3.033314030729410138e-02
1.983680672238992068e-02
1.107461925662381885e-01
1.973894248257800632e-01
2.177416985207648592e-01
1.892390347095213032e-01
1.771835550103093571e-01
1.778566040943280746e-01
1.349794723403776875e-01
3.375161314775322607e-02
-7.006794736006792534e-02
-1.252123674089032912e-01
-1.422420013299847130e-01
-1.463018974679790862e-01
-1.407792414017746685e-01
-1.214575928473313193e-01
-9.301829376360296053e-02
-6.695528795977734315e-02
-4.537990170904165899e-02
-2.126851941832920770e-02
-1.801287937039470696e-03
-3.539918408709190594e-03
-2.005063401855063793e-02
-1.767077898080153878e-02
1.599163722247433014e-02
5.496196369852715535e-02
8.477936464234718528e-02
1.089149601617643570e-01
1.269220763775210370e-01
1.332406296654113365e-01
1.257933281072284304e-01
1.048584079100591399e-01
6.552079567984522845e-02
1.022381446375925443e-02
-3.979418777384150646e-02
-7.690580437533839353e-02
-9.652668462919751502e-02
-9.628427283411827853e-02
-9.002604367083319459e-02
-8.297608272537379537e-02
-6.619407204552385515e-02
-3.842204792330416313e-02
