-1.208581664794067256e-02
-2.624556728609275108e-02
-4.019055513455668111e-02
-4.559299761750872093e-02
-4.956217522365304745e-02
-5.038525920565230937e-02
-4.870521548835440168e-02
-4.776070797177806720e-02
-4.883053318470101378e-02
-5.001838939040436499e-02
-4.708934682969140306e-02
-2.651892203117638819e-02
3.497382561662284312e-02
1.171874919185372649e-01
1.589035712464571259e-01
1.325999993579704828e-01
9.667976624160701249e-02
1.025071473718496828e-01
1.214603643553222034e-01
9.710554433248651252e-02
4.409840281731577938e-02
1.135204691268853171e-02
1.403776191998387310e-02
2.200250541749428079e-02
1.525900454437665622e-02
-8.880052469981974603e-03
-4.239048955538849556e-02
-8.178732688345907720e-02
-1.146259166337230545e-01
-1.243602630299155964e-01
-1.062630180121569012e-01
-8.361913945064025633e-02
-7.452307314717925013e-02
-6.665096897063430004e-02
-4.000859108350264537e-02
-2.563495856336125544e-03
2.255076014379267177e-02
2.557327601743243292e-02
1.837285489970184177e-02
1.950163910839839906e-02
3.601002866826027993e-02
6.106600197842679961e-02
8.288683212325635707e-02
9.371924612869754478e-02
9.188899917675895368e-02
8.023032878572974869e-02
6.600917914801567032e-02
5.206463146732736441e-02
3.088493253901707092e-02
8.244947635042424111e-04
-2.532962276541415869e-02
-3.051728350146764093e-02
-2.004956403290224926e-02
-1.516528541936598175e-02
-1.788387112571106566e-02
-2.529914511991586054e-02
-3.775164929751981258e-02
-4.907181717685155792e-02
-4.852260177688293152e-02
-3.710946770168190023e-02
-2.871696406094804976e-02
-2.111787006958927224e-02
-5.890665010827785507e-03
1.110868731422998829e-02
2.423040189050782237e-02
2.804485738509659987e-02
1.986817816258951153e-02
6.530700662710187468e-03
-4.332283549906045320e-03
-9.643307871351132141e-03
-1.293802338535216152e-02
-1.922806685744128316e-02
-3.064009190238769706e-02
-3.439330167410365596e-02
-2.609267949126329797e-02
-2.203536213952555362e-02
-2.969121720854714375e-02
-4.004026299995641636e-02
-4.852426108065847205e-02
-5.450513305764912581e-02
-6.057601250497850892e-02
-6.271212675989344676e-02
-6.130875606121478916e-02
-5.975487726324468785e-02
-5.484031808474910258e-02
-4.400561585368546746e-02
-9.979575744389472883e-03
6.826767600602551278e-02
1.615000075786147682e-01
1.961983529897555478e-01
1.521921264778846317e-01
1.068134501049935181e-01
1.109614182954211520e-01
1.199021592401348091e-01
8.669963617297046787e-02
3.152457297994747804e-02
-4.889142886262274256e-04
-4.606482302372864879e-03
-1.953791823382169598e-03
-4.241431911551639226e-03
-2.282703696285154349e-02
-6.561323048246456291e-02
-1.142573605489426297e-01
-1.404724148848545684e-01
-1.348266775887313751e-01
-1.130676434225653393e-01
-9.155287407381121345e-02
-7.266053703856241441e-02
-4.824733443747777906e-02
-1.327433057015266031e-02
2.581827499785575158e-02
5.227666598622517785e-02
5.838148213149076809e-02
4.992565060811549049e-02
4.632446899966548987e-02
5.758636842630805025e-02
7.513603226469467433e-02
8.917091460454334984e-02
9.579502331099930268e-02
9.011836882991917930e-02
7.309011387533505266e-02
5.154429196853825557e-02
3.097485688378659105e-02
3.326405126660839963e-03
-3.366203979826717929e-02
-6.539951630494181267e-02
-7.699572312889187142e-02
-5.844159898655856833e-02
-2.774032339961383584e-02
-1.858478631809012613e-02
-2.096511383697551023e-02
-2.349904309178499351e-02
-2.615307658753600675e-02
-2.371090945372559752e-02
-1.617501797384238507e-02
-8.911956604993560849e-03
-3.752861742250533303e-03
6.195876925606320224e-03
2.560459384393412585e-02
4.110805382542481040e-02
4.568323453363523634e-02
3.491185419151363045e-02
1.205422535801945090e-02
-1.034478561403314768e-02
-2.639718729477951928e-02
-3.695669925539523532e-02
-4.705697151239377624e-02
-5.444266664718834525e-02
-4.669231919438145834e-02
-3.445289462073195669e-02
-3.039512948792949532e-02
-3.161713748565173066e-02
-3.842170342791598192e-02
-5.011048218468236448e-02
-6.082154779462130290e-02
-6.692626155132781751e-02
-6.994398254664219161e-02
-7.113597063439464074e-02
-6.387400641093597675e-02
-4.846191284514625441e-02
-2.130139662850120963e-02
4.080112326662028999e-02
1.440141500145222520e-01
2.231139868776751689e-01
2.083125150008304505e-01
1.431875851451726578e-01
1.163337465661563042e-01
1.217971501916273735e-01
9.576443532090514466e-02
3.604182244592931544e-02
-8.787692192397018182e-03
-2.743494506332194369e-02
-3.353861814688213761e-02
-2.871545905912370120e-02
-2.661099551222893475e-02
-5.206212268712904351e-02
-9.835682937396680869e-02
-1.361388574653118744e-01
-1.490170358683865492e-01
-1.387641998912337860e-01
-1.109621897669890028e-01
-7.516373978730388206e-02
-4.348684986259128415e-02
-1.168802351027532944e-02
2.932702721783973440e-02
7.321169782201086829e-02
1.005260172544154840e-01
9.756557907975541011e-02
7.858395968579605373e-02
6.640534957818362838e-02
6.588729184422945084e-02
7.129043796713387116e-02
7.672055878251446415e-02
7.720754244552499590e-02
6.597856337213341138e-02
4.617332401872328851e-02
2.694617074502136597e-02
3.969420053602178665e-03
-3.045708896398016674e-02
-6.057859979870645201e-02
-8.291664654380259680e-02
-1.011958257280765605e-01
-9.616078277290272813e-02
-6.817527464444654572e-02
-3.256342921624524184e-02
-9.643402189881879888e-03
-2.227566453447106520e-03
4.636563660432643265e-03
1.501494356114631452e-02
2.514682315443035610e-02
3.100686783872950644e-02
2.859642409526572809e-02
2.795380266421771884e-02
3.097633125079459274e-02
3.463808889967615046e-02
3.588726056839071366e-02
3.332610152340248488e-02
1.654041201701345054e-02
-1.455716736927550707e-02
-4.592783602646906271e-02
-6.603891815574942925e-02
-7.904039833429921114e-02
-8.242912871241593609e-02
-7.131647749314649898e-02
-5.993759283888493161e-02
-4.965089044167167454e-02
-3.707776325730195721e-02
-3.039393307654526810e-02
-3.222764563441201519e-02
-4.412677102410594160e-02
-5.749458551510669424e-02
-6.634550275159963040e-02
-6.686285027433834516e-02
-5.657836039833300662e-02
-2.606154195237212270e-02
4.653891474339630352e-02
1.604320824677291646e-01
2.455742943468639528e-01
2.380381177427810524e-01
1.781619528868066127e-01
1.443180944065159121e-01
1.301895879673987122e-01
8.004591759443792365e-02
-6.405421928567539168e-04
-5.770837187245918959e-02
-7.632283180038028358e-02
-7.458513266030847300e-02
-6.298790725293551551e-02
-4.669150048191780811e-02
-4.638745675563875348e-02
-7.873792571947867136e-02
-1.220720513527855655e-01
-1.387329586949608284e-01
-1.255190296718777243e-01
-1.037608470026260554e-01
-8.145173832151707261e-02
-4.916379226422013665e-02
-2.013329139298826714e-03
5.331332290328385376e-02
1.078478513718610365e-01
1.443475798113960096e-01
1.437058036060310795e-01
1.144722054947892032e-01
8.609085845450403784e-02
6.686294491042808763e-02
4.910270266086749075e-02
3.601221839038978856e-02
3.054842960560495355e-02
2.404539280891151293e-02
1.254410713797823873e-02
4.149994714303720071e-03
-3.569279773307288718e-03
-2.475061654937622119e-02
-6.176722127015588093e-02
-9.548785976763164707e-02
-1.099557561264683375e-01
-1.020816276502655440e-01
-7.501348800556763285e-02
-3.561407938925223449e-02
-7.657040033604794018e-04
2.307135206387222331e-02
4.263301530519603144e-02
5.847221732580151765e-02
6.341560553636864384e-02
5.492948504720394226e-02
3.686594980590799514e-02
1.852498797577727466e-02
7.996598889117259579e-03
8.454851777786657335e-03
1.416059756210005099e-02
1.400988892586790824e-02
1.526368356545355692e-03
-1.861453880786099677e-02
-4.132090854983813677e-02
-6.396406633164977706e-02
-8.358866161883730939e-02
-8.831772980648565363e-02
-8.251906117110678618e-02
-7.495006922510703828e-02
-6.088271994112155749e-02
-4.202438562869856287e-02
-2.639850353916255513e-02
-2.044663114529833570e-02
-2.850373403353451476e-02
-3.982506545149722826e-02
-4.739182826591310793e-02
-5.032376279210058756e-02
-4.302901200779032237e-02
-4.058839711814215059e-03
8.615211620331221509e-02
1.971120017724819762e-01
2.453010210450965178e-01
2.134406251980313085e-01
1.722720418263633257e-01
1.597596698322455711e-01
1.290586698603423677e-01
4.669261151587108388e-02
-4.452607539003135273e-02
-9.802116973457017379e-02
-1.183167949321772272e-01
