-1.770535413177395240e-03
-3.167863323240944357e-03
-4.241237659982147190e-03
4.300004300573923022e-05
-9.000100096921835602e-03
-2.562029587028419320e-03
-6.288199119429259409e-03
-4.988938763388996167e-03
-1.970688652183430478e-03
-4.496515840214619641e-03
-2.309398962428127478e-03
1.234769508722528830e-02
3.722203026743446663e-02
2.513873343405931271e-02
-1.417003476415046315e-03
-1.438283809424514836e-02
7.086037825444507776e-03
1.134250162098218717e-02
5.117948546616568617e-04
-1.150194103961268977e-02
-3.440149856896695946e-03
-2.390764365054476315e-03
1.033903038430983301e-03
-2.514618137730614822e-03
-2.376965985490427091e-03
-4.912003997734393224e-03
9.098482399748919480e-04
-2.769497283202346227e-03
-5.865928207397425043e-03
-1.005941136272212044e-03
8.072619651280699138e-03
4.068022339375837459e-03
-2.596322921293053865e-03
-1.381529361343669660e-03
1.903220443098402326e-03
4.407083166642219996e-03
4.282977762379860942e-03
2.926567589016104698e-04
-3.021438830077487203e-03
3.067101112672124263e-04
1.383105310190854698e-03
1.862682768920778664e-03
1.666381938218677861e-03
2.511848113844208918e-03
7.123632119594713874e-04
-2.378564306794589411e-03
-8.581421212001533183e-04
5.268635884943945191e-04
-2.506333953952666338e-03
-1.778211991655544166e-03
-2.940215017274011577e-04
4.530215646788758599e-03
1.694183689275124971e-03
-1.499776231272953453e-03
6.368105719450567470e-03
-1.078016712619998818e-03
-3.149093756153062418e-03
2.396457066073873210e-03
4.281506837714110780e-03
2.668628800522140909e-03
-1.413844036927638936e-03
4.645419528295322009e-03
1.004327997851703347e-03
-5.002526053834346897e-03
2.262933621194625211e-03
-1.764756563553838281e-03
-5.516719503931882124e-03
-1.900111462721808253e-03
-3.984022820060627301e-03
-4.189119704743546335e-03
-5.594404303444600046e-03
-7.079627740454575921e-03
-7.936738133360064784e-03
2.018787575391978173e-03
7.950204167930796650e-04
-5.772998941640364312e-03
-9.027626749974967946e-04
-8.082264368541383637e-04
-5.967399051640596280e-03
-3.360842479808903716e-03
-7.570013986959299446e-03
-5.369513671536652044e-03
-6.937148401644777085e-03
-7.462772013886641298e-03
-3.053129715058985894e-03
-3.905353435575194265e-03
1.708229322395427713e-02
4.357638535312809147e-02
3.201841653157311285e-02
-6.115637033908410958e-03
-1.801404362868816444e-02
9.829030278677625132e-03
1.321578399013897953e-02
-4.614832802781576593e-03
-6.104167568107221609e-03
-3.875084718711813148e-03
-2.009090843913721725e-03
-3.612906354288444866e-03
-1.345459201520092518e-03
1.666919053068420531e-03
-4.747019101031590971e-03
-6.577841761677867549e-03
-4.141300796127178607e-04
-1.942391467345150335e-03
-4.711939898351669154e-04
3.641441243543513950e-03
5.346769329792042114e-03
9.879577223830954269e-04
-1.486320259172654867e-03
1.538136040946241900e-03
5.030392577755282701e-03
2.644338277369262524e-03
1.693298231908314799e-03
-2.290211990067000936e-03
6.293496978249518703e-04
7.287772924167296162e-04
-9.728297017543852121e-04
3.834187636627559015e-03
4.232602794868908780e-03
-2.089774476746464327e-03
-2.765654371293460589e-03
-1.197147024338575394e-03
8.754231965354547507e-04
-4.168506342665044551e-03
-4.237722674004296142e-03
-6.247158982706779717e-04
3.291394552106668980e-04
1.301162232244713890e-02
7.816487276427377950e-03
-6.228861714657349391e-03
8.991251676205180843e-03
-1.325695377506500017e-03
-3.967864477955850011e-03
7.435897676540938195e-03
2.491957392481009004e-03
-9.668482674865530591e-05
-1.710686788071111297e-05
4.100447730690601894e-04
-1.570991041781807929e-04
-6.514825044351038597e-03
-2.050970686951827937e-04
-4.785359516291186333e-03
-7.804319686744554119e-03
-3.237390688690298945e-03
-6.287568787646399815e-03
-5.553822915024847484e-03
-6.806146862928026675e-03
-3.805872102344634578e-03
5.324300402345785721e-03
-5.035268881016990994e-03
-4.315342243405871636e-03
1.252169757938959016e-03
-7.145373487582026839e-03
-5.571497910673316178e-03
-3.753921668998676242e-03
-7.954365709314327459e-03
-1.001826711237947115e-02
-9.059934618292422859e-03
-3.490154404664908006e-03
-5.047789013551177983e-03
3.579385003079645078e-03
3.451063094397987391e-02
5.235918380533549632e-02
1.758823143044183079e-02
-2.296604537470783858e-02
-4.243114847172185788e-03
1.988785291405224809e-02
2.660641364939181353e-03
-1.203921781567068860e-02
-5.472567290338153922e-04
3.979870341562691261e-03
-1.063480537238079005e-02
-5.996330488942422376e-03
8.048475062907511912e-03
-5.184563897023299062e-04
-1.009839500726346373e-02
-1.400546110967522406e-03
-2.253779033755953787e-04
-5.568757655246392435e-03
-4.272443426120015042e-04
9.290039023772414528e-03
7.058337287018434658e-03
-3.433833347385395474e-03
-1.548814127636174987e-03
3.495668312973182479e-03
5.710341208710029148e-03
4.633604303709890071e-03
-2.045683837284012485e-03
-9.559527094697151117e-04
1.934831167630102211e-04
-2.647739660994130606e-03
9.987180837350978502e-04
4.597804415035516845e-03
3.301238919495588786e-03
-2.361891772682256363e-03
-1.199453509624331948e-03
2.185475469678493238e-03
-2.999243686741689952e-03
-4.996514022238593422e-03
7.328875837011708527e-03
-3.084779661748832114e-03
-9.548583917423733580e-03
1.002754769361660636e-02
6.819202516495495581e-03
6.904370350744613860e-03
2.802053884158758890e-03
-2.697746949577028985e-04
3.639519885201558669e-03
1.344342124469839056e-03
3.208700964230593033e-03
3.118620477595843848e-03
-3.872442898400212108e-03
3.161090800745842977e-04
-4.663776457149038795e-03
-6.169686145891039447e-03
-3.415008090748364311e-03
-1.622343206887654626e-03
-9.467649395298809167e-03
-1.016516388702822307e-02
-6.755998067381988048e-03
-6.094782269692053389e-03
-8.312544683727857153e-03
1.227521074269821710e-03
6.050905278721957492e-03
-6.983661656330540646e-03
-8.696747596913800837e-04
-1.757571273822040869e-04
-9.240633728552584414e-03
-6.032157650988925757e-03
-1.006434810384562728e-02
-9.324377812123786635e-03
-1.091671105792633295e-02
-9.690779351637951455e-03
-6.140464592249976483e-03
6.902169526421586543e-03
3.650748461491808150e-02
5.308695806084001712e-02
1.728496663446232873e-02
-1.752798040442760108e-02
-1.653796854301503583e-03
2.082429179420092202e-02
5.094523864922109735e-03
-1.475578038192981722e-02
-2.879140136054808563e-03
7.675724128225647203e-03
-6.819083930201530475e-03
-8.945326468385875196e-03
4.133721442542315216e-03
7.709125756348810671e-03
-4.082748987117253148e-03
-1.280828171017282802e-02
-4.209461837725997357e-03
5.950727578151945862e-03
1.089693008679393227e-03
-1.156102740293873943e-03
4.717613873093703947e-03
4.235234883803888628e-03
-2.653740764781642447e-03
-1.526486944837895932e-03
9.367890610410850583e-03
8.277569711471921554e-03
-4.339092142826295184e-03
-4.026442692766890596e-03
4.276801410581107521e-03
-1.936990402629026886e-03
-5.498389775815397396e-03
5.132462535051569852e-03
7.107522723050128249e-03
-2.072126059493306638e-03
-3.298273487103830365e-03
4.196132561565910080e-03
2.794903237790144837e-03
-3.489439094235879946e-03
-4.022047163794201241e-03
1.429297837470352994e-03
1.325675408748894224e-03
2.285758439943441633e-03
8.295353390335359622e-03
1.125992177556893459e-02
1.627104824172206921e-03
-1.230262887074673461e-03
3.119702037501267955e-03
1.559306310615862778e-03
-1.000245964766659224e-03
-7.532302477628038950e-05
-2.250637757235871006e-03
-4.170011051862647367e-03
-4.469491542341795520e-03
-2.720640594257878880e-03
-2.531303070288237408e-03
-5.274291831074142192e-03
-8.166279650808029242e-03
-7.289147506732361961e-03
-8.481976607949436031e-03
-8.747045343094221603e-03
-5.857224893643347974e-03
4.932522443788958655e-03
1.944851688168158788e-07
-5.886391472264516922e-03
-9.372902588151640901e-04
-5.438791746511049269e-03
-9.787391287715732635e-03
-9.465450572804973844e-03
-1.396022432331237711e-02
-9.919799376522382695e-03
-9.901372153213437027e-03
-1.109215612626412995e-02
-3.756964943237704746e-03
1.956639923262170483e-02
4.798426666607324975e-02
4.504647135557082738e-02
-2.255147694769366051e-03
-1.441716071591889192e-02
1.433801343041933574e-02
1.775305680035950406e-02
-9.316935605207701809e-03
-1.588726417337291141e-02
-1.557943721043619778e-04
-2.921368453762257511e-03
-1.584786817260375180e-02
